{
  "asset": {
    "version": "2.0",
    "generator": "THREE.GLTFExporter"
  },
  "scenes": [
    {
      "name": "Scene",
      "nodes": [
        0,
        78
      ]
    }
  ],
  "scene": 0,
  "nodes": [
    {
      "matrix": [
        1,
        0,
        0,
        0,
        0,
        1,
        0,
        0,
        0,
        0,
        1,
        0,
        -0.5535538594599368,
        0.11918649776665446,
        -0.13320927950518624,
        1
      ],
      "name": "AmbientLight"
    },
    {
      "matrix": [
        0.9999999999996486,
        5.975663844744454e-7,
        -5.879099450414676e-7,
        0,
        -6.017976322990928e-7,
        0.9999739093064618,
        -0.007223621576558708,
        0,
        5.835780128583735e-7,
        0.007223621576909972,
        0.99997390930647,
        0,
        1.4131899206404341e-8,
        0.22634494304656982,
        0.037322450429201126,
        1
      ],
      "name": "HeadTop_End",
      "extras": {
        "name": "HeadTop_End"
      }
    },
    {
      "matrix": [
        0.9999999999999827,
        1.1908045211363927e-7,
        -1.4325204918740883e-7,
        0,
        -1.2011191720068188e-7,
        0.9999739207994143,
        -0.007222030422444716,
        0,
        1.4238831068018567e-7,
        0.007222030422461798,
        0.9999739207994113,
        0,
        0.030352698639035225,
        0.08783962577581406,
        0.0824061706662178,
        1
      ],
      "name": "LeftEye",
      "extras": {
        "name": "LeftEye"
      }
    },
    {
      "matrix": [
        0.9999999999999827,
        1.1908045208038614e-7,
        -1.4325204921525467e-7,
        0,
        -1.20111917233935e-7,
        0.9999739207960513,
        -0.007222030888102978,
        0,
        1.4238831065233983e-7,
        0.00722203088812006,
        0.9999739207960482,
        0,
        -0.029882267117500305,
        0.08779098093509674,
        0.08240658789873123,
        1
      ],
      "name": "RightEye",
      "extras": {
        "name": "RightEye"
      }
    },
    {
      "matrix": [
        0.999999999999508,
        -6.536586840898065e-7,
        7.462245761505465e-7,
        0,
        8.586140798072356e-7,
        0.9470730822631958,
        -0.32101805155032026,
        0,
        -4.968930018563899e-7,
        0.321018051550803,
        0.947073082263291,
        0,
        -2.290084788469926e-12,
        0.1226380243897438,
        3.259586378590029e-9,
        1
      ],
      "name": "Head",
      "extras": {
        "name": "Head"
      },
      "children": [
        1,
        2,
        3
      ]
    },
    {
      "matrix": [
        0.9999999999999665,
        2.4278885939884067e-7,
        -8.979594127915365e-8,
        0,
        -1.8705548838493643e-7,
        0.9175261549729353,
        0.39767543996121274,
        0,
        1.7894129088467018e-7,
        -0.39767543996118265,
        0.91752615497295,
        0,
        4.547473508864641e-13,
        0.1555749475955963,
        -3.3527591369875154e-8,
        1
      ],
      "name": "Neck",
      "extras": {
        "name": "Neck"
      },
      "children": [
        4
      ]
    },
    {
      "matrix": [
        0.99441537115615,
        -0.012478645590605485,
        -0.10479672467711054,
        0,
        0.015197578498190513,
        0.9995672438464867,
        0.025186478017674638,
        0,
        0.10443708013257258,
        -0.026638477271937536,
        0.9941746769726146,
        0,
        1.4901161193847656e-8,
        0.0352851040661335,
        -8.195638656616211e-8,
        1
      ],
      "name": "LeftHandThumb4",
      "extras": {
        "name": "LeftHandThumb4"
      }
    },
    {
      "matrix": [
        0.9843894009672511,
        -0.16940230924839259,
        0.04775317312084931,
        0,
        0.16843459957884246,
        0.9854293704830629,
        0.023637725539153442,
        0,
        -0.05106166454898281,
        -0.01522544006790294,
        0.9985794372247737,
        0,
        7.450580596923828e-9,
        0.03048672340810299,
        -2.2351741790771484e-8,
        1
      ],
      "name": "LeftHandThumb3",
      "extras": {
        "name": "LeftHandThumb3"
      },
      "children": [
        6
      ]
    },
    {
      "matrix": [
        0.8641061789728796,
        -0.48926268531972916,
        0.11807847651878722,
        0,
        0.474246938249565,
        0.8700530226300537,
        0.1345272098707242,
        0,
        -0.16855368113507163,
        -0.06024743470402916,
        0.9838495322186007,
        0,
        1.0058283805847168e-7,
        0.041382573544979095,
        9.685754776000977e-8,
        1
      ],
      "name": "LeftHandThumb2",
      "extras": {
        "name": "LeftHandThumb2"
      },
      "children": [
        7
      ]
    },
    {
      "matrix": [
        0.655539723516001,
        0.7386216237584775,
        0.15718062440431435,
        0,
        -0.7452978820304694,
        0.5992784175373642,
        0.2922266638603429,
        0,
        0.12164998484437373,
        -0.30871257335333724,
        0.943343959060519,
        0,
        -0.03235602378845215,
        0.026351692155003548,
        0.005172813311219215,
        1
      ],
      "name": "LeftHandThumb1",
      "extras": {
        "name": "LeftHandThumb1"
      },
      "children": [
        8
      ]
    },
    {
      "matrix": [
        0.9934579523623485,
        -0.009144947906475048,
        -0.11383174756540475,
        0,
        0.01931021271068531,
        0.9958870781253416,
        0.08852142830443242,
        0,
        0.11255404262430675,
        -0.0901404321699011,
        0.9895485283087906,
        0,
        6.332993507385254e-8,
        0.03383878991007805,
        1.6111880540847778e-7,
        1
      ],
      "name": "LeftHandIndex4",
      "extras": {
        "name": "LeftHandIndex4"
      }
    },
    {
      "matrix": [
        0.9875819085749286,
        -0.05506848574920864,
        0.14713747020336296,
        0,
        0.029446766220994847,
        0.9848402607103378,
        0.17094603861108834,
        0,
        -0.1543206441785492,
        -0.1644904922327939,
        0.9742320131831013,
        0,
        9.685754776000977e-8,
        0.028345566242933273,
        1.30385160446167e-7,
        1
      ],
      "name": "LeftHandIndex3",
      "extras": {
        "name": "LeftHandIndex3"
      },
      "children": [
        10
      ]
    },
    {
      "matrix": [
        0.9986166428478352,
        0.04995449336663428,
        0.01641186626186225,
        0,
        -0.052156461019393405,
        0.9806607008474351,
        0.1886380005889369,
        0,
        -0.006671156994619232,
        -0.18923303169569036,
        0.9819095463112301,
        0,
        6.705522537231445e-8,
        0.044678568840026855,
        -1.0244548320770264e-7,
        1
      ],
      "name": "LeftHandIndex2",
      "extras": {
        "name": "LeftHandIndex2"
      },
      "children": [
        11
      ]
    },
    {
      "matrix": [
        0.9845987283275769,
        0.13163600078598403,
        0.11505349910023233,
        0,
        -0.1503233300968736,
        0.9734375254456403,
        0.17269128755518315,
        0,
        -0.0892650031463682,
        -0.1873268471574563,
        0.9782333115392952,
        0,
        -0.03534658998250961,
        0.09745369106531143,
        -0.006952292285859585,
        1
      ],
      "name": "LeftHandIndex1",
      "extras": {
        "name": "LeftHandIndex1"
      },
      "children": [
        12
      ]
    },
    {
      "matrix": [
        0.9989857832199653,
        -0.0022227527378595874,
        -0.04497181805533231,
        0,
        0.004362066783672167,
        0.9988603787235903,
        0.047528058339078916,
        0,
        0.04481492410247238,
        -0.04767602464944454,
        0.997857013561797,
        0,
        -6.332993507385254e-8,
        0.03456242009997368,
        -8.754432201385498e-8,
        1
      ],
      "name": "LeftHandMiddle4",
      "extras": {
        "name": "LeftHandMiddle4"
      }
    },
    {
      "matrix": [
        0.9951778616310569,
        -0.09440600474945793,
        0.02661823935098795,
        0,
        0.07616096284155915,
        0.9147327574821882,
        0.39681671101740734,
        0,
        -0.06181045330644164,
        -0.392875935469292,
        0.917511841239222,
        0,
        -5.960464477539063e-8,
        0.03540731593966484,
        2.3748725652694702e-7,
        1
      ],
      "name": "LeftHandMiddle3",
      "extras": {
        "name": "LeftHandMiddle3"
      },
      "children": [
        14
      ]
    },
    {
      "matrix": [
        0.9960986538501058,
        0.08290568256410735,
        0.030234410033495696,
        0,
        -0.08786042612409017,
        0.9637353337922621,
        0.25198164911209703,
        0,
        -0.008247258501306476,
        -0.253654989634618,
        0.9672595973007108,
        0,
        -4.470348358154297e-8,
        0.045697953552007675,
        3.846071194857359e-8,
        1
      ],
      "name": "LeftHandMiddle2",
      "extras": {
        "name": "LeftHandMiddle2"
      },
      "children": [
        15
      ]
    },
    {
      "matrix": [
        0.990448297914446,
        0.02509565768104549,
        0.13558162473980212,
        0,
        -0.03553787983778789,
        0.9965383961412029,
        0.07515506673612296,
        0,
        -0.13322622901727604,
        -0.07925549145032115,
        0.9879116047391596,
        0,
        -0.009198971092700958,
        0.10019729286432266,
        -0.0034844023175537586,
        1
      ],
      "name": "LeftHandMiddle1",
      "extras": {
        "name": "LeftHandMiddle1"
      },
      "children": [
        16
      ]
    },
    {
      "matrix": [
        0.9989265396745435,
        0.044128514008452926,
        0.014086966504556018,
        0,
        -0.044312027350537006,
        0.998933255159838,
        0.012992151771610977,
        0,
        -0.01349861496524626,
        -0.01360242724579283,
        0.9998163638258251,
        0,
        -3.725290298461914e-9,
        0.029813138768076897,
        -3.771856427192688e-8,
        1
      ],
      "name": "LeftHandRing4",
      "extras": {
        "name": "LeftHandRing4"
      }
    },
    {
      "matrix": [
        0.9999257880874302,
        0.0033370249271390436,
        0.011716765458437113,
        0,
        -0.004241398743580881,
        0.9969419581157647,
        0.07803039866122925,
        0,
        -0.011420545734347502,
        -0.07807430334731184,
        0.9968821267986535,
        0,
        3.3527612686157227e-8,
        0.03616324067115784,
        -1.8207356333732605e-7,
        1
      ],
      "name": "LeftHandRing3",
      "extras": {
        "name": "LeftHandRing3"
      },
      "children": [
        18
      ]
    },
    {
      "matrix": [
        0.9952697170693908,
        0.08396612421925465,
        0.04886594239855624,
        0,
        -0.09603073640280879,
        0.9264323968245718,
        0.36400702285303294,
        0,
        -0.014706733452285459,
        -0.3669777990614567,
        0.9301134381613508,
        0,
        4.470348358154297e-8,
        0.04189963638782501,
        4.761386662721634e-8,
        1
      ],
      "name": "LeftHandRing2",
      "extras": {
        "name": "LeftHandRing2"
      },
      "children": [
        19
      ]
    },
    {
      "matrix": [
        0.9872435106459383,
        -0.12237926512353331,
        0.10185071279439345,
        0,
        0.10829518290162105,
        0.9850605838772358,
        0.13389473946699534,
        0,
        -0.11671506153537564,
        -0.12115677184728083,
        0.9857477531135929,
        0,
        0.015421796590089798,
        0.09560403227806091,
        0.002230023965239525,
        1
      ],
      "name": "LeftHandRing1",
      "extras": {
        "name": "LeftHandRing1"
      },
      "children": [
        20
      ]
    },
    {
      "matrix": [
        0.9778399551351943,
        0.00433597328887636,
        -0.2093089181196286,
        0,
        0.05311580102719837,
        0.9619337788605259,
        0.26807110947646723,
        0,
        0.20250366799149666,
        -0.27324825230976896,
        0.9403869744456297,
        0,
        -4.470348358154297e-8,
        0.026324203237891197,
        -1.51805579662323e-7,
        1
      ],
      "name": "LeftHandPinky4",
      "extras": {
        "name": "LeftHandPinky4"
      }
    },
    {
      "matrix": [
        0.999419565500214,
        0.021199620740940242,
        0.02666661337025948,
        0,
        -0.02705680228950362,
        0.9695910633698339,
        0.2432305575927044,
        0,
        -0.02069931491777728,
        -0.2438108914249556,
        0.9696018731656879,
        0,
        -5.587935447692871e-9,
        0.02237612195312977,
        3.818422555923462e-8,
        1
      ],
      "name": "LeftHandPinky3",
      "extras": {
        "name": "LeftHandPinky3"
      },
      "children": [
        22
      ]
    },
    {
      "matrix": [
        0.9040281279251569,
        0.06393581571079832,
        0.4226646115837679,
        0,
        -0.16638275821256965,
        0.9634097729867255,
        0.21013898766036387,
        0,
        -0.39376381269161864,
        -0.2602956546597346,
        0.8815873495010801,
        0,
        1.6530975699424744e-8,
        0.02815236523747444,
        -4.899629857391119e-8,
        1
      ],
      "name": "LeftHandPinky2",
      "extras": {
        "name": "LeftHandPinky2"
      },
      "children": [
        23
      ]
    },
    {
      "matrix": [
        0.9417064349622278,
        -0.31846419291778594,
        0.10848754634710644,
        0,
        0.2903305590951687,
        0.9321758799261212,
        0.21623203924365697,
        0,
        -0.16999163608448242,
        -0.17212985263807923,
        0.9702959122112567,
        0,
        0.03913145512342453,
        0.08981321007013321,
        0.010544351302087307,
        1
      ],
      "name": "LeftHandPinky1",
      "extras": {
        "name": "LeftHandPinky1"
      },
      "children": [
        24
      ]
    },
    {
      "matrix": [
        0.9963160026923614,
        -0.033381453007820694,
        -0.07899431379652033,
        0,
        0.04054082375592416,
        0.9950402697190206,
        0.09083668624010141,
        0,
        0.07557026284384327,
        -0.09370453859327302,
        0.9927278556031891,
        0,
        1.434236764907837e-7,
        0.25197213888168335,
        -1.7507773009128869e-7,
        1
      ],
      "name": "LeftHand",
      "extras": {
        "name": "LeftHand"
      },
      "children": [
        9,
        13,
        17,
        21,
        25
      ]
    },
    {
      "matrix": [
        0.9016914380217389,
        0.42711803823408717,
        -0.06725123295813451,
        0,
        -0.4317429746198486,
        0.8978458684452159,
        -0.08643376978580408,
        0,
        0.023463818651898505,
        0.10697183792029319,
        0.9939851482195968,
        0,
        2.60770320892334e-8,
        0.28512904047966003,
        6.600748747587204e-8,
        1
      ],
      "name": "LeftForeArm",
      "extras": {
        "name": "LeftForeArm"
      },
      "children": [
        26
      ]
    },
    {
      "matrix": [
        0.989498015690924,
        -0.062097086410135116,
        -0.13052827221741592,
        0,
        0.14332424440588953,
        0.538675711159718,
        0.8302329101370931,
        0,
        0.018757370662554562,
        -0.8402216826341713,
        0.5419185645991592,
        0,
        -3.91155481338501e-8,
        0.11889563500881195,
        2.1071173250675201e-7,
        1
      ],
      "name": "LeftArm",
      "extras": {
        "name": "LeftArm"
      },
      "children": [
        27
      ]
    },
    {
      "matrix": [
        -0.009020005561000133,
        -0.01054829498903942,
        -0.9999037690483359,
        0,
        0.9991724019783099,
        -0.039759727932114686,
        -0.008593884851233469,
        0,
        -0.039665161151043904,
        -0.9991536804740129,
        0.010898106638256522,
        0,
        0.04713556170463562,
        0.14114804565906525,
        -0.006255117245018482,
        1
      ],
      "name": "LeftShoulder",
      "extras": {
        "name": "LeftShoulder"
      },
      "children": [
        28
      ]
    },
    {
      "matrix": [
        0.9944171489999037,
        0.012472144256624143,
        0.10478062532851999,
        0,
        -0.015191751257822891,
        0.9995670585628746,
        0.02519734378246561,
        0,
        -0.10442099654913357,
        -0.026648471956442064,
        0.9941760983226235,
        0,
        5.21540641784668e-8,
        0.03528471291065216,
        -5.960464477539063e-8,
        1
      ],
      "name": "RightHandThumb4",
      "extras": {
        "name": "RightHandThumb4"
      }
    },
    {
      "matrix": [
        0.9843879038451268,
        0.16940336604073347,
        -0.04778030493422018,
        0,
        -0.16843426211600776,
        0.9854289690696997,
        0.023656907073328265,
        0,
        0.051091655981909526,
        -0.0152397336233073,
        0.998577685260312,
        0,
        4.470348358154297e-8,
        0.030486533418297768,
        1.1548399925231934e-7,
        1
      ],
      "name": "RightHandThumb3",
      "extras": {
        "name": "RightHandThumb3"
      },
      "children": [
        30
      ]
    },
    {
      "matrix": [
        0.8641101721762475,
        0.48926128174305156,
        -0.11805509553709492,
        0,
        -0.4742493628870181,
        0.8700538671350262,
        0.13451322339126115,
        0,
        0.16852640504201033,
        -0.06024668997543525,
        0.9838542507915197,
        0,
        1.564621925354004e-7,
        0.041382357478141785,
        -4.470348358154297e-8,
        1
      ],
      "name": "RightHandThumb2",
      "extras": {
        "name": "RightHandThumb2"
      },
      "children": [
        31
      ]
    },
    {
      "matrix": [
        0.6555414880246935,
        -0.7386224348631515,
        -0.1571694059984119,
        0,
        0.7452947556964148,
        0.599280361341469,
        0.29223062138162215,
        0,
        -0.12165956845429582,
        -0.30870683124689213,
        0.9433446009548265,
        0,
        0.03235587477684021,
        0.02635207027196884,
        0.00517314113676548,
        1
      ],
      "name": "RightHandThumb1",
      "extras": {
        "name": "RightHandThumb1"
      },
      "children": [
        32
      ]
    },
    {
      "matrix": [
        0.9934603444520385,
        0.009153460119834311,
        0.11381018472996385,
        0,
        -0.019319173940952505,
        0.9958850303407243,
        0.08854250870855113,
        0,
        -0.1125313889484757,
        -0.09016218995787112,
        0.9895491225654653,
        0,
        5.21540641784668e-8,
        0.03383871167898178,
        5.122274160385132e-8,
        1
      ],
      "name": "RightHandIndex4",
      "extras": {
        "name": "RightHandIndex4"
      }
    },
    {
      "matrix": [
        0.987584471458764,
        0.05506783765675305,
        -0.14712051755272826,
        0,
        -0.02945149035326189,
        0.9848428754934742,
        0.17093016812667072,
        0,
        0.15430334780925803,
        -0.16447506168307002,
        0.9742373604300729,
        0,
        -3.725290298461914e-8,
        0.028345827013254166,
        5.774199962615967e-8,
        1
      ],
      "name": "RightHandIndex3",
      "extras": {
        "name": "RightHandIndex3"
      },
      "children": [
        34
      ]
    },
    {
      "matrix": [
        0.9986164081924503,
        -0.04995817971664465,
        -0.016414929530071287,
        0,
        0.05216068225481482,
        0.9806598684561777,
        0.18864116842433992,
        0,
        0.006673294448023226,
        -0.1892363798987588,
        0.9819088879078431,
        0,
        0,
        0.04467868059873581,
        -1.2665987014770508e-7,
        1
      ],
      "name": "RightHandIndex2",
      "extras": {
        "name": "RightHandIndex2"
      },
      "children": [
        35
      ]
    },
    {
      "matrix": [
        0.9845995411810935,
        -0.13163755932707,
        -0.11504475281321636,
        0,
        0.15032280662989939,
        0.9734384007654309,
        0.17268680154352822,
        0,
        0.08925690999778002,
        -0.18732119633089084,
        0.978235131010134,
        0,
        0.035346291959285736,
        0.09745413064956665,
        -0.006952107883989811,
        1
      ],
      "name": "RightHandIndex1",
      "extras": {
        "name": "RightHandIndex1"
      },
      "children": [
        36
      ]
    },
    {
      "matrix": [
        0.9989849633261467,
        0.0022125821829622333,
        0.04499052787233798,
        0,
        -0.004351976130596971,
        0.9988612858979312,
        0.04750991387591276,
        0,
        -0.04483417694021713,
        -0.04765748726927986,
        0.9978570341651286,
        0,
        2.2351741790771484e-8,
        0.03456273302435875,
        -1.30385160446167e-8,
        1
      ],
      "name": "RightHandMiddle4",
      "extras": {
        "name": "RightHandMiddle4"
      }
    },
    {
      "matrix": [
        0.9951772636267742,
        0.09441083403864697,
        -0.026623458660000376,
        0,
        -0.07616292629626814,
        0.914729885929038,
        0.3968229422963635,
        0,
        0.06181765761400959,
        -0.39288144941048164,
        0.9175089900933648,
        0,
        4.470348358154297e-8,
        0.035407569259405136,
        -1.3783574104309082e-7,
        1
      ],
      "name": "RightHandMiddle3",
      "extras": {
        "name": "RightHandMiddle3"
      },
      "children": [
        38
      ]
    },
    {
      "matrix": [
        0.9960990213839138,
        -0.08290286611443065,
        -0.030230018772708256,
        0,
        0.08785659844172233,
        0.9637353337408079,
        0.2519829782503742,
        0,
        0.008243625127057896,
        -0.25365590473649813,
        0.9672593869661703,
        0,
        1.564621925354004e-7,
        0.045697715133428574,
        -4.353933036327362e-8,
        1
      ],
      "name": "RightHandMiddle2",
      "extras": {
        "name": "RightHandMiddle2"
      },
      "children": [
        39
      ]
    },
    {
      "matrix": [
        0.9904488040804548,
        -0.025098182488363374,
        -0.135577468592114,
        0,
        0.035539331838297716,
        0.9965387650536964,
        0.07514949405140248,
        0,
        0.13322208768275706,
        -0.07925005867174628,
        0.987912600593873,
        0,
        0.00919874757528305,
        0.10019788146018982,
        -0.0034842723980545998,
        1
      ],
      "name": "RightHandMiddle1",
      "extras": {
        "name": "RightHandMiddle1"
      },
      "children": [
        40
      ]
    },
    {
      "matrix": [
        0.9989264136672595,
        -0.044126133864126525,
        -0.014103351404526926,
        0,
        0.04431006724394918,
        0.9989331523620502,
        0.013006736131237123,
        0,
        0.0135143683341504,
        -0.01361769268841509,
        0.9998159432201181,
        0,
        5.587935447692871e-8,
        0.029812796041369438,
        -8.055940270423889e-8,
        1
      ],
      "name": "RightHandRing4",
      "extras": {
        "name": "RightHandRing4"
      }
    },
    {
      "matrix": [
        0.999925622121397,
        -0.0033392627547142173,
        -0.011730283337028115,
        0,
        0.004244775245504789,
        0.9969413310960682,
        0.07803822232732559,
        0,
        0.011433814150454379,
        -0.07808221042688869,
        0.9968813551348645,
        0,
        -3.725290298461914e-9,
        0.03616262227296829,
        8.381903171539307e-8,
        1
      ],
      "name": "RightHandRing3",
      "extras": {
        "name": "RightHandRing3"
      },
      "children": [
        42
      ]
    },
    {
      "matrix": [
        0.9952701669023883,
        -0.0839651654478013,
        -0.04885842699477294,
        0,
        0.09602700461874125,
        0.9264347528300084,
        0.3640020102833206,
        0,
        0.014700655802801776,
        -0.36697206991495923,
        0.9301157943831253,
        0,
        -4.0978193283081055e-8,
        0.04190049320459366,
        5.471520125865936e-8,
        1
      ],
      "name": "RightHandRing2",
      "extras": {
        "name": "RightHandRing2"
      },
      "children": [
        43
      ]
    },
    {
      "matrix": [
        0.9872446179570966,
        0.12237699546311687,
        -0.10184269015163105,
        0,
        -0.10829492467407809,
        0.9850617863803479,
        0.13388608681695202,
        0,
        0.11670592035426741,
        -0.1211492712926534,
        0.9857497553915748,
        0,
        -0.015422049909830093,
        0.09560428559780121,
        0.0022296318784356117,
        1
      ],
      "name": "RightHandRing1",
      "extras": {
        "name": "RightHandRing1"
      },
      "children": [
        44
      ]
    },
    {
      "matrix": [
        0.9778378743121299,
        -0.004336976781555202,
        0.20931861894756656,
        0,
        -0.05311579847996606,
        0.9619360928729574,
        0.26806280736508104,
        0,
        -0.20251371696148376,
        -0.2732400910792725,
        0.9403871822659751,
        0,
        1.1362135410308838e-7,
        0.02632436342537403,
        5.774199962615967e-8,
        1
      ],
      "name": "RightHandPinky4",
      "extras": {
        "name": "RightHandPinky4"
      }
    },
    {
      "matrix": [
        0.9994195169552517,
        -0.021203449116273754,
        -0.026665388792225603,
        0,
        0.02706021184549995,
        0.9695910368505136,
        0.24323028315449857,
        0,
        0.020697201471301024,
        -0.24381066312635813,
        0.9696019754749555,
        0,
        -1.30385160446167e-8,
        0.02237582579255104,
        -3.3993273973464966e-7,
        1
      ],
      "name": "RightHandPinky3",
      "extras": {
        "name": "RightHandPinky3"
      },
      "children": [
        46
      ]
    },
    {
      "matrix": [
        0.9040291824096598,
        -0.06393477482401311,
        -0.4226625115686524,
        0,
        0.16638023412596636,
        0.9634105773603364,
        0.21013729681898763,
        0,
        0.3937624560690203,
        -0.2602929318871441,
        0.8815887581440157,
        0,
        1.909211277961731e-8,
        0.028152089565992355,
        2.5258486857637763e-7,
        1
      ],
      "name": "RightHandPinky2",
      "extras": {
        "name": "RightHandPinky2"
      },
      "children": [
        47
      ]
    },
    {
      "matrix": [
        0.9417072105320207,
        0.3184640883685742,
        -0.10848115094432553,
        0,
        -0.29033280817815765,
        0.9321768090917105,
        0.21622503124326609,
        0,
        0.16998351739512185,
        -0.17212503612298602,
        0.9702981906819603,
        0,
        -0.039131782948970795,
        0.08981351554393768,
        0.010543550364673138,
        1
      ],
      "name": "RightHandPinky1",
      "extras": {
        "name": "RightHandPinky1"
      },
      "children": [
        48
      ]
    },
    {
      "matrix": [
        0.9963165260354474,
        0.033381605670023795,
        0.07898764756850696,
        0,
        -0.04054076032263865,
        0.9950397775942634,
        0.09084210430732972,
        0,
        -0.0755633960193558,
        -0.09370970902426515,
        0.9927278901326972,
        0,
        -4.470348358154297e-8,
        0.25197213888168335,
        1.9501567294355482e-7,
        1
      ],
      "name": "RightHand",
      "extras": {
        "name": "RightHand"
      },
      "children": [
        33,
        37,
        41,
        45,
        49
      ]
    },
    {
      "matrix": [
        0.9016916074022017,
        -0.4271183522232317,
        0.06724706536122671,
        0,
        0.43174282381022555,
        0.8978460165873297,
        -0.0864330632457464,
        0,
        -0.023460364318531823,
        0.10696940463413851,
        0.9939854920255817,
        0,
        -5.960464477539063e-8,
        0.28512832522392273,
        -3.41096892952919e-8,
        1
      ],
      "name": "RightForeArm",
      "extras": {
        "name": "RightForeArm"
      },
      "children": [
        50
      ]
    },
    {
      "matrix": [
        0.9894976776947558,
        0.06209616784982197,
        0.1305312685294333,
        0,
        -0.14332619320715478,
        0.5386787797492739,
        0.8302305627213133,
        0,
        -0.01876028961081433,
        -0.8402197634394053,
        0.5419214087470015,
        0,
        5.820766091346741e-9,
        0.11889571696519852,
        -2.6728957891464233e-7,
        1
      ],
      "name": "RightArm",
      "extras": {
        "name": "RightArm"
      },
      "children": [
        51
      ]
    },
    {
      "matrix": [
        -0.009020499545954408,
        0.010550371772865219,
        0.9999037900967096,
        0,
        -0.9991729726440326,
        -0.03974650342502173,
        -0.008594393941962153,
        0,
        0.03965186668995102,
        -0.9991542336020984,
        0.010900038283466529,
        0,
        -0.04713546484708786,
        0.14114809036254883,
        -0.006255130283534527,
        1
      ],
      "name": "RightShoulder",
      "extras": {
        "name": "RightShoulder"
      },
      "children": [
        52
      ]
    },
    {
      "matrix": [
        0.9999999999998322,
        2.0667841452448355e-7,
        5.410568039572871e-7,
        0,
        -2.567776737087324e-7,
        0.9955440805275707,
        0.09429732066180002,
        0,
        -5.191566800336486e-7,
        -0.09429732066192315,
        0.9955440805274568,
        0,
        4.39648317751562e-13,
        0.1218063160777092,
        -3.53902720462429e-8,
        1
      ],
      "name": "Spine2",
      "extras": {
        "name": "Spine2"
      },
      "children": [
        5,
        29,
        53
      ]
    },
    {
      "matrix": [
        0.9999999999999704,
        1.931687276360746e-7,
        -1.482529940250314e-7,
        0,
        -2.0230359155818471e-7,
        0.9979296944692092,
        -0.0643142694989926,
        0,
        1.3552256054467512e-7,
        0.0643142694990207,
        0.9979296944692186,
        0,
        2.35082786570473e-13,
        0.13049744069576263,
        3.504101186990738e-8,
        1
      ],
      "name": "Spine1",
      "extras": {
        "name": "Spine1"
      },
      "children": [
        54
      ]
    },
    {
      "matrix": [
        0.9999999986128624,
        1.8110842179075502e-8,
        -0.00005267138658277364,
        0,
        -0.000007237227528101867,
        0.9905623600429103,
        -0.13706279998492588,
        0,
        0.00005217181068605033,
        0.1370628001759957,
        0.990562358668995,
        0,
        1.368904989362818e-12,
        0.09847309440374374,
        1.303854535450455e-8,
        1
      ],
      "name": "Spine",
      "extras": {
        "name": "Spine"
      },
      "children": [
        55
      ]
    },
    {
      "matrix": [
        0.023822370373353996,
        0.03493331452490356,
        -0.9991056960595852,
        0,
        -0.015635249187124778,
        0.99928008509466,
        0.03456661020281471,
        0,
        0.9995939512348304,
        0.01479780707946221,
        0.024351411349816998,
        0,
        -5.509791662916541e-7,
        0.09907490760087967,
        5.4656993597745895e-8,
        1
      ],
      "name": "LeftToe_End",
      "extras": {
        "name": "LeftToe_End"
      }
    },
    {
      "matrix": [
        0.9954832906680573,
        0.012218984520261156,
        0.09414730019094608,
        0,
        -0.05916280552975328,
        0.855418523784643,
        0.5145472791621186,
        0,
        -0.07424809868137427,
        -0.5177932371792666,
        0.852277756403863,
        0,
        4.1211023926734924e-7,
        0.14884449541568756,
        -1.955777406692505e-8,
        1
      ],
      "name": "LeftToeBase",
      "extras": {
        "name": "LeftToeBase"
      },
      "children": [
        57
      ]
    },
    {
      "matrix": [
        0.9994394514359526,
        0.019603433731193554,
        -0.027138319041119296,
        0,
        0.01422995303272867,
        0.48500170630206507,
        0.8743974550455904,
        0,
        0.03030332343353137,
        -0.8742934898187598,
        0.48445088335023234,
        0,
        3.325840225443244e-7,
        0.4438590109348297,
        -4.145840648561716e-7,
        1
      ],
      "name": "LeftFoot",
      "extras": {
        "name": "LeftFoot"
      },
      "children": [
        58
      ]
    },
    {
      "matrix": [
        0.999982856640959,
        -0.005792245671046458,
        0.0008580891421883421,
        0,
        0.005843570431722468,
        0.9965127745194093,
        -0.08323546992679245,
        0,
        -0.0003729765397405566,
        0.08323905729530287,
        0.996529538335991,
        0,
        3.6965502658858895e-8,
        0.45817407965660095,
        -8.440110832452774e-10,
        1
      ],
      "name": "LeftLeg",
      "extras": {
        "name": "LeftLeg"
      },
      "children": [
        59
      ]
    },
    {
      "matrix": [
        -0.9978261575245617,
        -0.06586465511743546,
        -0.0022127925891475206,
        0,
        0.06580989860834473,
        -0.997645360550095,
        0.019310144870206717,
        0,
        -0.003479438164515798,
        0.019122543136577515,
        0.9998110930883635,
        0,
        0.09534373134374619,
        0.005192708224058151,
        -0.003302300348877907,
        1
      ],
      "name": "LeftUpLeg",
      "extras": {
        "name": "LeftUpLeg"
      },
      "children": [
        60
      ]
    },
    {
      "matrix": [
        0.02376424995929316,
        -0.034931951874392464,
        0.9991070955822503,
        0,
        0.015635425756419075,
        0.999280099814456,
        0.03456610411332539,
        0,
        -0.9995952996918154,
        0.014800028054124503,
        0.024293318031047728,
        0,
        5.52361598238349e-7,
        0.09907487034797668,
        3.7602148950099945e-8,
        1
      ],
      "name": "RightToe_End",
      "extras": {
        "name": "RightToe_End"
      }
    },
    {
      "matrix": [
        0.9954837550555958,
        -0.012238910422584182,
        -0.09413980623246598,
        0,
        0.05917610267069695,
        0.8554169878371692,
        0.514548331854343,
        0,
        0.07423127991975764,
        -0.5177953321661445,
        0.8522779661148778,
        0,
        -5.98374754190445e-8,
        0.14884412288665771,
        1.1734664440155029e-7,
        1
      ],
      "name": "RightToeBase",
      "extras": {
        "name": "RightToeBase"
      },
      "children": [
        62
      ]
    },
    {
      "matrix": [
        0.9994396009747806,
        -0.01959597887869692,
        0.02713819408520604,
        0,
        -0.014233429204130052,
        0.4850025729527444,
        0.8743968662828263,
        0,
        -0.03029675658402506,
        -0.8742931246921262,
        0.4844518600058966,
        0,
        -7.566995918750763e-9,
        0.44385960698127747,
        1.6007106751203537e-9,
        1
      ],
      "name": "RightFoot",
      "extras": {
        "name": "RightFoot"
      },
      "children": [
        63
      ]
    },
    {
      "matrix": [
        0.9999828510843461,
        0.005792931643570867,
        -0.0008599325089064004,
        0,
        -0.0058444077045263195,
        0.9965127160785818,
        -0.08323611205284015,
        0,
        0.000374752625383893,
        0.08323971043956485,
        0.9965294832167121,
        0,
        -2.550950739532709e-8,
        0.45817452669143677,
        7.275957614183426e-10,
        1
      ],
      "name": "RightLeg",
      "extras": {
        "name": "RightLeg"
      },
      "children": [
        64
      ]
    },
    {
      "matrix": [
        -0.9978259877300086,
        0.06586497412954,
        0.002321564912885897,
        0,
        -0.06580811229084567,
        -0.9976454384657518,
        0.019317290426437463,
        0,
        0.0035884310562088254,
        0.019122513841514442,
        0.9998107084113771,
        0,
        -0.09534403681755066,
        0.005193065851926804,
        -0.003292336128652096,
        1
      ],
      "name": "RightUpLeg",
      "extras": {
        "name": "RightUpLeg"
      },
      "children": [
        65
      ]
    },
    {
      "matrix": [
        0.9999999986229309,
        -0.0000016976205774286318,
        0.000052452419801072036,
        0,
        -5.7022088827542e-9,
        0.9994731450449348,
        0.03245662223026063,
        0,
        -0.000052479884013759185,
        -0.03245662218586471,
        0.9994731436685815,
        0,
        8.767874122052322e-13,
        1.0191901922225952,
        0.01003055740147829,
        1
      ],
      "name": "Hips",
      "extras": {
        "name": "Hips"
      },
      "children": [
        56,
        61,
        66
      ]
    },
    {
      "name": "EyeLeft",
      "extras": {
        "targetNames": [
          "mouthOpen",
          "mouthSmile"
        ],
        "name": "EyeLeft"
      },
      "mesh": 0,
      "skin": 0
    },
    {
      "name": "EyeRight",
      "extras": {
        "targetNames": [
          "mouthOpen",
          "mouthSmile"
        ],
        "name": "EyeRight"
      },
      "mesh": 1,
      "skin": 1
    },
    {
      "name": "Wolf3D_Head",
      "extras": {
        "targetNames": [
          "mouthOpen",
          "mouthSmile"
        ],
        "name": "Wolf3D_Head"
      },
      "mesh": 2,
      "skin": 2
    },
    {
      "name": "Wolf3D_Teeth",
      "extras": {
        "targetNames": [
          "mouthOpen",
          "mouthSmile"
        ],
        "name": "Wolf3D_Teeth"
      },
      "mesh": 3,
      "skin": 3
    },
    {
      "name": "Wolf3D_Body",
      "extras": {
        "name": "Wolf3D_Body"
      },
      "mesh": 4,
      "skin": 4
    },
    {
      "name": "Wolf3D_Outfit_Bottom",
      "extras": {
        "name": "Wolf3D_Outfit_Bottom"
      },
      "mesh": 5,
      "skin": 5
    },
    {
      "name": "Wolf3D_Outfit_Footwear",
      "extras": {
        "name": "Wolf3D_Outfit_Footwear"
      },
      "mesh": 6,
      "skin": 6
    },
    {
      "name": "Wolf3D_Outfit_Top",
      "extras": {
        "name": "Wolf3D_Outfit_Top"
      },
      "mesh": 7,
      "skin": 7
    },
    {
      "name": "Wolf3D_Glasses",
      "extras": {
        "name": "Wolf3D_Glasses"
      },
      "mesh": 8,
      "skin": 8
    },
    {
      "name": "Armature",
      "extras": {
        "name": "Armature"
      },
      "children": [
        67,
        68,
        69,
        70,
        71,
        72,
        73,
        74,
        75,
        76
      ]
    },
    {
      "name": "avatar.glb",
      "children": [
        77
      ]
    }
  ],
  "bufferViews": [
    {
      "buffer": 0,
      "byteOffset": 0,
      "byteLength": 1440,
      "target": 34962,
      "byteStride": 12
    },
    {
      "buffer": 0,
      "byteOffset": 1440,
      "byteLength": 960,
      "target": 34962,
      "byteStride": 8
    },
    {
      "buffer": 0,
      "byteOffset": 2400,
      "byteLength": 1440,
      "target": 34962,
